Source ID	Magnification	Lens Z	Source Z	Peak Apparent Magnitude	Peak Absolute Magnitude	
SDSSJ0029-0055	23.0	0.23	0.93	21.131214618121707	-22.774319590043984	
SDSSJ0037-0942	6.0	0.2	0.63	21.552365542432344	-21.31537812595911	
SDSSJ0044+0113	2.0	0.12	0.2	19.833705807006492	-20.122574989159954	
SDSSJ0109+1500	2.0	0.29	0.52	22.240925363884866	-20.122574989159954	
SDSSJ0157-0056	2.0	0.51	0.92	23.753976169841987	-20.122574989159954	
SDSSJ0216-0813	3.0	0.33	0.52	21.800697216245663	-20.562803136799157	
SDSSJ0252+0039	16.0	0.28	0.98	21.66571168766046	-22.380299956639814	
SDSSJ0330-0020	4.0	0.35	1.07	23.406786225207473	-20.875149978319907	
SDSSJ0405-0455	16.0	0.08	0.81	21.155448196213523	-22.380299956639814	
SDSSJ0728+3835	10.0	0.21	0.69	21.238688801318904	-21.87	
SDSSJ0737+3216	14.0	0.32	0.58	20.414419300480418	-22.235320089195596	
SDSSJ0822+2652	7.0	0.24	0.59	21.211976888864044	-21.482745100035643	
SWELLSJ0841+3824	5.0	0.12	0.66	21.873393191076037	-21.117425010840048	
SDSSJ0903+4116	8.0	0.43	1.06	22.628987804103136	-21.62772496747986	
SDSSJ0912+0029	6.0	0.16	0.32	19.802161153211475	-21.31537812595911	
SDSSJ0935-0003	3.0	0.35	0.47	21.537526539588885	-20.562803136799157	
SDSSJ0936+0913	7.0	0.19	0.59	21.211976888864044	-21.482745100035643	
SDSSJ0946+1006	18.0	0.22	0.61	20.274390771992312	-22.508181262758267	
SDSSJ0955+0101	4.0	0.11	0.32	20.24238930085068	-20.875149978319907	
SDSSJ0956+5100	8.0	0.24	0.47	20.472604708908182	-21.62772496747986	
SDSSJ0959+0410	5.0	0.13	0.54	21.344779091356482	-21.117425010840048	
SDSSJ0959+4416	9.0	0.24	0.53	20.657681306573014	-21.755606273598314	
SDSSJ1016+3859	5.0	0.17	0.44	20.812214675690836	-21.117425010840048	
SDSSJ1020+1122	6.0	0.28	0.55	21.194901746240948	-21.31537812595911	
SWELLSJ1029+0420	4.0	0.1	0.62	21.950332537231073	-20.875149978319907	
SDSSJ1032+5322	3.0	0.13	0.33	20.63231433520207	-20.562803136799157	
SDSSJ1100+5329	13.0	0.32	0.86	21.54105085255892	-22.15485838076709	
SDSSJ1103+5322	3.0	0.16	0.74	22.731877598141484	-20.562803136799157	
SDSSJ1106+5228	25.0	0.1	0.41	18.882962723752375	-22.864850021680095	
SDSSJ1112+0826	4.0	0.27	0.63	21.992593690071548	-20.875149978319907	
SDSSJ1142+1001	3.0	0.22	0.5	21.698382284741744	-20.562803136799157	
SDSSJ1143-0144	4.0	0.11	0.4	20.809313753160612	-20.875149978319907	
SDSSJ1153+4612	10.0	0.18	0.88	21.887453183782373	-21.87	
SDSSJ1204+0358	9.0	0.16	0.63	21.11213739479314	-21.755606273598314	
SDSSJ1205+4910	13.0	0.21	0.48	20.000125166847983	-22.15485838076709	
SDSSJ1213+6708	8.0	0.12	0.64	21.28164965121979	-21.62772496747986	
SDSSJ1250+0523	10.0	0.23	0.8	21.63256928302413	-21.87	
SDSSJ1251-0208	4.0	0.22	0.78	22.559842513620094	-20.875149978319907	
SDSSJ1416+5136	4.0	0.3	0.81	22.66059817453343	-20.875149978319907	
SDSSJ1420+6019	13.0	0.06	0.54	20.30734572142944	-22.15485838076709	
SDSSJ1430+4105	6.0	0.28	0.58	21.334361263716904	-21.31537812595911	
SDSSJ1432+6317	4.0	0.12	0.66	22.115668223596177	-20.875149978319907	
SDSSJ1436-0000	4.0	0.29	0.8	22.627419304704222	-20.875149978319907	
SDSSJ1443+0304	7.0	0.13	0.42	20.327005478218645	-21.482745100035643	
SDSSJ1451-0239	11.0	0.13	0.52	20.390018640149258	-21.973481712895563	
SDSSJ1525+3327	4.0	0.36	0.72	22.346620606148978	-20.875149978319907	
SDSSJ1538+5817	8.0	0.14	0.53	20.785562612691468	-21.62772496747986	
SDSSJ1621+3931	8.0	0.24	0.6	21.11126722532242	-21.62772496747986	
SDSSJ1627-0053	20.0	0.21	0.52	19.740925363884866	-22.622574989159954	
SDSSJ1630+4520	9.0	0.25	0.79	21.71338099442352	-21.755606273598314	
SDSSJ1636+4707	8.0	0.23	0.67	21.402940056042542	-21.62772496747986	
SDSSJ2238-0754	12.0	0.14	0.71	21.11663209745363	-22.067953115119064	
SDSSJ2300+0022	12.0	0.23	0.46	19.97663180462951	-22.067953115119064	
SDSSJ2303+1422	8.0	0.16	0.52	20.73577538556496	-21.62772496747986	
SDSSJ2321-0939	12.0	0.08	0.53	20.345334465052265	-22.067953115119064	
SDSSJ0143-1006	3.0	0.22	1.1	23.79342207723008	-20.562803136799157	
SDSSJ0159-0006	6.0	0.16	0.75	22.01505191512418	-21.31537812595911	
SDSSJ0324+0045	14.0	0.32	0.92	21.641231069806345	-22.235320089195596	
SDSSJ0324-0110	4.0	0.45	0.62	21.950332537231073	-20.875149978319907	
SDSSJ0753+3416	27.0	0.14	0.96	21.042275432981352	-22.94840941039747	
SDSSJ0754+1927	5.0	0.15	0.74	22.177255724100593	-21.117425010840048	
SDSSJ0757+1956	9.0	0.12	0.83	21.845326983806405	-21.755606273598314	
SDSSJ0847+2348	17.0	0.16	0.53	19.96716527672564	-22.446122303445687	
SDSSJ0851+0505	6.0	0.13	0.64	21.59399649274054	-21.31537812595911	
SDSSJ0920+3028	8.0	0.29	0.39	19.991911104744258	-21.62772496747986	
SDSSJ0955+3014	4.0	0.32	0.47	21.225179698068136	-20.875149978319907	
SDSSJ1010+3124	4.0	0.17	0.42	20.93460059993438	-20.875149978319907	
SDSSJ1031+3026	5.0	0.17	0.75	22.21300503024324	-21.117425010840048	
SDSSJ1040+3626	3.0	0.12	0.28	20.220330287076838	-20.562803136799157	
SDSSJ1041+0112	5.0	0.1	0.22	19.070842273855195	-21.117425010840048	
SDSSJ1048+1313	4.0	0.13	0.67	22.155515045202495	-20.875149978319907	
SDSSJ1051+4439	3.0	0.16	0.54	21.899400965397373	-20.562803136799157	
SDSSJ1056+4141	10.0	0.13	0.83	21.73093325740472	-21.87	
SDSSJ1101+1523	5.0	0.18	0.52	21.246075342204772	-21.117425010840048	
SDSSJ1127+2312	8.0	0.13	0.36	19.78780116396221	-21.62772496747986	
SDSSJ1137+1818	10.0	0.12	0.46	20.174584919748572	-21.87	
SDSSJ1142+2509	18.0	0.16	0.66	20.482636939157818	-22.508181262758267	
SDSSJ1144+0436	5.0	0.1	0.26	19.48167918258601	-21.117425010840048	
SDSSJ1213+2930	21.0	0.09	0.6	20.06344395596748	-22.6755482368348	
SDSSJ1301+0834	9.0	0.09	0.53	20.657681306573014	-21.755606273598314	
SDSSJ1330+1750	4.0	0.21	0.37	20.610098736233592	-20.875149978319907	
SDSSJ1433+2835	10.0	0.09	0.41	19.87781274543247	-21.87	
SDSSJ1541+3642	16.0	0.14	0.74	20.914380778300828	-22.380299956639814	
SDSSJ1543+2202	3.0	0.27	0.4	21.121660594681362	-20.562803136799157	
SDSSJ1550+2020	2.0	0.14	0.35	21.221422817938322	-20.122574989159954	
SDSSJ1553+3004	5.0	0.16	0.57	21.48659624780824	-21.117425010840048	
SDSSJ1607+2147	2.0	0.21	0.49	22.086013864136465	-20.122574989159954	
SDSSJ1633+1441	19.0	0.13	0.58	20.08285538729394	-22.566884002382075	
SDSSJ2309-0039	4.0	0.29	1.0	23.225087677223815	-20.875149978319907	
BELLSJ0830+5116	6.0	0.53	1.33	23.550961958958215	-21.31537812595911	
BELLSJ1159-0007	8.0	0.58	1.35	23.278689344314092	-21.62772496747986	
BELLSJ1221+3806	4.0	0.53	1.28	23.888278151994893	-20.875149978319907	
BELLSJ1318-0104	7.0	0.66	1.4	23.52128145540454	-21.482745100035643	
BELLSJ1337+3620	12.0	0.56	1.18	22.47691744034385	-22.067953115119064	
BELLSJ1349+3612	5.0	0.44	0.89	22.670290850402868	-21.117425010840048	
BELLSJ1542+1629	3.0	0.35	1.02	23.590601043728032	-20.562803136799157	
BELLSJ1601+2138	3.0	0.54	1.45	24.535359512558205	-20.562803136799157	
BELLSJ1631+1854	19.0	0.41	1.09	21.764804388830918	-22.566884002382075	
