Survey|Name|f_Name|RAJ2000|DEJ2000|zL|zS|mu|ffiber|FOII|e_FOII|SFR|e_SFR|Ncc|e_Ncc|NIa|e_NIa|SimbadName | Our Survey Name | Peak Apparent Magnitude | | |"h:m:s"|"d:m:s"| | | |%|10-19W/m2|10-19W/m2|Msun/yr|Msun/yr|yr-1|yr-1|yr-1|yr-1|
SLACS|J0029-0055| |00 29 07.77|-00 55 50.50| 0.23| 0.93|23|61| 3.3| 1.1|  5.3|  3.0| 0.019| 0.011| 0.0023| 0.0013|SLACS SDSS J0029-0055|SDSSJ0029-0055|21.131214618121707
SLACS|J0037-0942| |00 37 53.22|-09 42 20.14| 0.20| 0.63| 6|34| 2.2| 0.5|  6.3|  3.2| 0.027| 0.014| 0.0035| 0.0018|SLACS SDSS J0037-0942|SDSSJ0037-0942|21.552365542432344
SLACS|J0044+0113|*|00 44 02.90|+01 13 12.50| 0.12| 0.20| 2|53|14.5| 2.4|  2.5|  1.2| 0.014| 0.007| 0.0022| 0.0010|SLACS SDSS J0044+0113|SDSSJ0044+0113|19.833705807006492
SLACS|J0109+1500| |01 09 33.74|+15 00 32.50| 0.29| 0.52| 2|55| 2.4| 1.0|  6.1|  3.8| 0.028| 0.017| 0.0038| 0.0023|SLACS SDSS J0109+1500|SDSSJ0109+1500|22.240925363884866
SLACS|J0157-0056| |01 57 58.94|-00 56 26.10| 0.51| 0.92| 2|28| 2.5| 1.4| 83.9| 60.2| 0.305| 0.219| 0.0368| 0.0264|SLACS SDSS J0157-0056|SDSSJ0157-0056|23.753976169841987
SLACS|J0216-0813| |02 16 52.53|-08 13 45.44| 0.33| 0.52| 3|26| 4.6| 1.1| 19.6| 10.1| 0.090| 0.046| 0.0121| 0.0062|SLACS SDSS J0216-0813|SDSSJ0216-0813|21.800697216245663
SLACS|J0252+0039| |02 52 45.21|+00 39 58.40| 0.28| 0.98|16|53| 6.3| 0.6| 19.2|  8.8| 0.068| 0.031| 0.0080| 0.0037|SLACS SDSS J0252+0039|SDSSJ0252+0039|21.66571168766046
SLACS|J0330-0020| |03 30 12.14|-00 20 51.90| 0.35| 1.07| 4|47| 4.7| 0.9| 98.3| 47.8| 0.332| 0.162| 0.0387| 0.0188|SLACS SDSS J0330-0020|SDSSJ0330-0020|23.406786225207473
SLACS|J0405-0455| |04 05 35.42|-04 55 52.40| 0.08| 0.81|16|73| 1.7| 0.3|  2.1|  1.0| 0.008| 0.004| 0.0010| 0.0005|SLACS SDSS J0405-0455|SDSSJ0405-0455|21.155448196213523
SLACS|J0728+3835| |07 28 04.95|+38 35 25.70| 0.21| 0.69|10|52| 1.8| 0.9|  2.8|  1.9| 0.012| 0.008| 0.0015| 0.0010|SLACS SDSS J0728+3835|SDSSJ0728+3835|21.238688801318904
SLACS|J0737+3216| |07 37 28.44|+32 16 18.66| 0.32| 0.58|14|52| 7.2| 1.5|  4.6|  2.3| 0.020| 0.010| 0.0027| 0.0013|SLACS SDSS J0737+3216|SDSSJ0737+3216|20.414419300480418
SLACS|J0822+2652| |08 22 42.32|+26 52 43.50| 0.24| 0.59| 7|46| 2.1| 0.5|  3.2|  1.6| 0.014| 0.007| 0.0018| 0.0009|SLACS SDSS J0822+2652|SDSSJ0822+2652|21.211976888864044
SLACS|J0841+3824| |08 41 28.81|+38 24 13.70| 0.12| 0.66| 5|30|    |    |     |     |      |      |       |       |SLACS SDSS J0841+3824|SWELLSJ0841+3824|21.873393191076037
SLACS|J0903+4116| |09 03 15.19|+41 16 09.10| 0.43| 1.06| 8|48| 3.1| 1.9| 26.9| 20.7| 0.091| 0.070| 0.0106| 0.0082|SLACS SDSS J0903+4116|SDSSJ0903+4116|22.628987804103136
SLACS|J0912+0029|*|09 12 05.31|+00 29 01.18| 0.16| 0.32| 6|26| 4.4| 2.0|  2.5|  1.6| 0.013| 0.008| 0.0019| 0.0012|SLACS SDSS J0912+0029|SDSSJ0912+0029|19.802161153211475
SLACS|J0935-0003| |09 35 43.93|-00 03 34.80| 0.35| 0.47| 3|34| 3.2| 2.7|  6.9|  6.6| 0.033| 0.031| 0.0045| 0.0043|SLACS SDSS J0935-0003|SDSSJ0935-0003|21.537526539588885
SLACS|J0936+0913| |09 36 00.77|+09 13 35.80| 0.19| 0.59| 7|55| 2.4| 0.7|  3.0|  1.6| 0.013| 0.007| 0.0018| 0.0010|SLACS SDSS J0936+0913|SDSSJ0936+0913|21.211976888864044
SLACS|J0946+1006| |09 46 56.68|+10 06 52.80| 0.22| 0.61|18|46| 7.0| 1.9|  4.6|  2.4| 0.020| 0.011| 0.0026| 0.0014|SLACS SDSS J0946+1006|SDSSJ0946+1006|20.274390771992312
SLACS|J0955+0101|*|09 55 19.72|+01 01 44.40| 0.11| 0.32| 4|50| 5.2| 0.9|  2.1|  1.0| 0.011| 0.005| 0.0016| 0.0008|SLACS SDSS J0955+0101|SDSSJ0955+0101|20.24238930085068
SLACS|J0956+5100| |09 56 29.78|+51 00 06.39| 0.24| 0.47| 8|45| 4.6| 1.4|  2.9|  1.6| 0.014| 0.007| 0.0019| 0.0010|SLACS SDSS J0956+5100|SDSSJ0956+5100|20.472604708908182
SLACS|J0959+0410| |09 59 44.07|+04 10 17.00| 0.13| 0.54| 5|56| 3.9| 1.7|  4.9|  3.1| 0.023| 0.014| 0.0030| 0.0019|SLACS SDSS J0959+0410|SDSSJ0959+0410|21.344779091356482
SLACS|J0959+4416| |09 59 00.96|+44 16 39.40| 0.24| 0.53| 9|57| 2.6| 0.7|  1.9|  1.0| 0.009| 0.005| 0.0011| 0.0006|SLACS SDSS J0959+4416|SDSSJ0959+4416|20.657681306573014
SLACS|J1016+3859| |10 16 22.86|+38 59 03.30| 0.17| 0.44| 5|40| 1.8| 0.7|  1.6|  1.0| 0.008| 0.005| 0.0010| 0.0006|SLACS SDSS J1016+3859|SDSSJ1016+3859|20.812214675690836
SLACS|J1020+1122| |10 20 26.54|+11 22 41.10| 0.28| 0.55| 6|51| 2.6| 1.0|  3.3|  1.9| 0.015| 0.009| 0.0019| 0.0012|SLACS SDSS J1020+1122|SDSSJ1020+1122|21.194901746240948
SLACS|J1029+0420| |10 29 22.94|+04 20 01.80| 0.10| 0.62| 4|47| 2.3| 0.8|  7.6|  4.3| 0.033| 0.019| 0.0043| 0.0024|SLACS SDSS J1029+0420|SWELLSJ1029+0420|21.950332537231073
SLACS|J1032+5322|*|10 32 35.84|+53 22 34.90| 0.13| 0.33| 3|38| 9.2| 1.0|  6.0|  2.8| 0.032| 0.015| 0.0045| 0.0021|SLACS SDSS J1032+5322|SDSSJ1032+5322|20.63231433520207
SLACS|J1100+5329| |11 00 24.39|+53 29 13.71| 0.32| 0.86|13|28| 6.8| 2.0| 30.7| 16.5| 0.116| 0.062| 0.0142| 0.0076|SLACS SDSS J1100+5329|SDSSJ1100+5329|21.54105085255892
SLACS|J1103+5322| |11 03 08.21|+53 22 28.20| 0.16| 0.74| 3|24| 5.4| 3.1| 76.3| 55.5| 0.308| 0.224| 0.0388| 0.0283|SLACS SDSS J1103+5322|SDSSJ1103+5322|22.731877598141484
SLACS|J1106+5228| |11 06 46.16|+52 28 37.70| 0.10| 0.41|25|23| 8.3| 3.5|  2.3|  1.4| 0.011| 0.007| 0.0016| 0.0010|SLACS SDSS J1106+5228|SDSSJ1106+5228|18.882962723752375
SLACS|J1112+0826| |11 12 50.60|+08 26 10.40| 0.27| 0.63| 4|11| 2.6| 0.8| 32.0| 17.6| 0.137| 0.075| 0.0179| 0.0098|SLACS SDSS J1112+0826|SDSSJ1112+0826|21.992593690071548
SLACS|J1142+1001| |11 42 57.35|+10 01 11.80| 0.22| 0.50| 3|42| 2.5| 0.7|  5.1|  2.7| 0.024| 0.012| 0.0032| 0.0017|SLACS SDSS J1142+1001|SDSSJ1142+1001|21.698382284741744
SLACS|J1143-0144|*|11 43 29.64|-01 44 30.00| 0.11| 0.40| 4|18| 9.0| 1.1| 16.6|  7.7| 0.083| 0.039| 0.0116| 0.0054|SLACS SDSS J1143-0144|SDSSJ1143-0144|20.809313753160612
SLACS|J1153+4612| |11 53 10.79|+46 12 05.30| 0.18| 0.88|10|59| 2.7| 0.7|  7.8|  4.0| 0.029| 0.015| 0.0035| 0.0018|SLACS SDSS J1153+4612|SDSSJ1153+4612|21.887453183782373
SLACS|J1204+0358| |12 04 44.07|+03 58 06.39| 0.16| 0.63| 9|49| 4.9| 1.4|  6.9|  3.7| 0.030| 0.016| 0.0039| 0.0021|SLACS SDSS J1204+0358|SDSSJ1204+0358|21.11213739479314
SLACS|J1205+4910| |12 05 40.44|+49 10 29.38| 0.21| 0.48|13|46| 6.2| 0.6|  2.7|  1.2| 0.013| 0.006| 0.0017| 0.0008|SLACS SDSS J1205+4910|SDSSJ1205+4910|20.000125166847983
SLACS|J1213+6708| |12 13 40.58|+67 08 29.00| 0.12| 0.64| 8|32| 2.8| 0.8|  7.4|  3.9| 0.032| 0.017| 0.0041| 0.0022|SLACS SDSS J1213+6708|SDSSJ1213+6708|21.28164965121979
SLACS|J1250+0523| |12 50 28.26|+05 23 49.07| 0.23| 0.80|10|46| 6.2| 1.7| 17.6|  9.3| 0.069| 0.036| 0.0086| 0.0045|SLACS SDSS J1250+0523|SDSSJ1250+0523|21.63256928302413
SLACS|J1251-0208| |12 51 35.71|-02 08 05.17| 0.22| 0.78| 4|48| 3.4| 1.0| 20.4| 11.0| 0.080| 0.043| 0.0100| 0.0054|SLACS SDSS J1251-0208|SDSSJ1251-0208|22.559842513620094
SLACS|J1416+5136| |14 16 22.34|+51 36 30.40| 0.30| 0.81| 4|22| 3.1| 1.4| 54.0| 34.7| 0.209| 0.134| 0.0259| 0.0166|SLACS SDSS J1416+5136|SDSSJ1416+5136|22.66059817453343
SLACS|J1420+6019| |14 20 15.85|+60 19 14.80| 0.06| 0.54|13|49| 7.0| 1.5|  3.9|  2.0| 0.018| 0.009| 0.0024| 0.0012|SLACS SDSS J1420+6019|SDSSJ1420+6019|20.30734572142944
SLACS|J1430+4105| |14 30 04.10|+41 05 57.10| 0.28| 0.58| 6|35| 8.6| 1.8| 18.5|  9.2| 0.082| 0.041| 0.0109| 0.0054|SLACS SDSS J1430+4105|SDSSJ1430+4105|21.334361263716904
SLACS|J1432+6317| |14 32 13.34|+63 17 03.80| 0.12| 0.66| 4|38| 9.2| 1.4| 45.3| 21.5| 0.190| 0.090| 0.0245| 0.0116|SLACS SDSS J1432+6317|SDSSJ1432+6317|22.115668223596177
SLACS|J1436-0000| |14 36 27.54|-00 00 29.10| 0.29| 0.80| 4|43| 2.7| 0.8| 18.9| 10.0| 0.073| 0.039| 0.0091| 0.0048|SLACS SDSS J1436-0000|SDSSJ1436-0000|22.627419304704222
SLACS|J1443+0304| |14 43 19.62|+03 04 08.25| 0.13| 0.42| 7|41| 1.5| 0.5|  0.9|  0.5| 0.005| 0.003| 0.0006| 0.0003|SLACS SDSS J1443+0304|SDSSJ1443+0304|20.327005478218645
SLACS|J1451-0239| |14 51 28.19|-02 39 36.40| 0.13| 0.52|11|45| 5.3| 1.1|  3.3|  1.7| 0.015| 0.008| 0.0021| 0.0010|SLACS SDSS J1451-0239|SDSSJ1451-0239|20.390018640149258
SLACS|J1525+3327| |15 25 06.70|+33 27 47.40| 0.36| 0.72| 4|32| 3.7| 0.7| 23.6| 11.4| 0.096| 0.046| 0.0122| 0.0059|SLACS SDSS J1525+3327|SDSSJ1525+3327|22.346620606148978
SLACS|J1538+5817| |15 38 12.94|+58 17 09.69| 0.14| 0.53| 8|41|15.0| 1.4| 16.5|  7.5| 0.075| 0.035| 0.0101| 0.0046|SLACS SDSS J1538+5817|SDSSJ1538+5817|20.785562612691468
SLACS|J1621+3931| |16 21 32.99|+39 31 44.60| 0.24| 0.60| 8|47| 9.7| 8.0| 13.5| 12.6| 0.059| 0.055| 0.0077| 0.0072|SLACS SDSS J1621+3931|SDSSJ1621+3931|21.11126722532242
SLACS|J1627-0053| |16 27 46.45|-00 53 57.56| 0.21| 0.52|20|49| 3.7| 0.7|  1.3|  0.6| 0.006| 0.003| 0.0008| 0.0004|SLACS SDSS J1627-0053|SDSSJ1627-0053|19.740925363884866
SLACS|J1630+4520| |16 30 28.16|+45 20 36.28| 0.25| 0.79| 9|22| 2.7| 1.0| 16.7|  9.6| 0.065| 0.038| 0.0081| 0.0047|SLACS SDSS J1630+4520|SDSSJ1630+4520|21.71338099442352
SLACS|J1636+4707| |16 36 02.62|+47 07 29.57| 0.23| 0.67| 8|62| 1.5| 0.6|  2.3|  1.3| 0.010| 0.006| 0.0012| 0.0007|SLACS SDSS J1636+4707|SDSSJ1636+4707|21.402940056042542
SLACS|J2238-0754| |22 38 40.20|-07 54 56.05| 0.14| 0.71|12|52| 5.3| 1.3|  7.4|  3.8| 0.030| 0.016| 0.0039| 0.0020|SLACS SDSS J2238-0754|SDSSJ2238-0754|21.11663209745363
SLACS|J2300+0022| |23 00 53.14|+00 22 37.95| 0.23| 0.46|12|49| 2.0| 0.8|  0.7|  0.5| 0.004| 0.002| 0.0005| 0.0003|SLACS SDSS J2300+0022|SDSSJ2300+0022|19.97663180462951
SLACS|J2303+1422| |23 03 21.72|+14 22 17.91| 0.16| 0.52| 8|41| 1.6| 0.8|  1.6|  1.1| 0.007| 0.005| 0.0010| 0.0007|SLACS SDSS J2303+1422|SDSSJ2303+1422|20.73577538556496
SLACS|J2321-0939| |23 21 20.93|-09 39 10.27| 0.08| 0.53|12|33| 7.6| 1.6|  6.7|  3.3| 0.031| 0.015| 0.0041| 0.0020|SLACS SDSS J2321-0939|SDSSJ2321-0939|20.345334465052265
S4TM |J0143-1006| |01 43 56.58|-10 06 33.70| 0.22| 1.10| 3|33| 4.3| 1.8|159.5| 99.1| 0.531| 0.330| 0.0614| 0.0381|[SBB2017] SDSS J0143-1006|SDSSJ0143-1006|23.79342207723008
S4TM |J0159-0006| |01 59 30.14|-00 06 12.40| 0.16| 0.75| 6|56| 1.7| 0.6|  5.2|  2.9| 0.021| 0.012| 0.0026| 0.0015|[SBB2017] SDSS J0159-0006|SDSSJ0159-0006|22.01505191512418
S4TM |J0324+0045| |03 24 15.50|+00 45 05.50| 0.32| 0.92|14|77| 1.5| 0.7|  2.9|  1.8| 0.010| 0.007| 0.0013| 0.0008|[SBB2017] SDSS J0324+0045|SDSSJ0324+0045|21.641231069806345
S4TM |J0324-0110| |03 24 54.50|-01 10 29.10| 0.45| 0.62| 4|79| 2.1| 0.4|  3.5|  1.7| 0.015| 0.008| 0.0020| 0.0010|[SBB2017] SDSS J0324-0110|SDSSJ0324-0110|21.950332537231073
S4TM |J0753+3416| |07 53 46.21|+34 16 33.60| 0.14| 0.96|27|56| 6.7| 2.3| 11.2|  6.3| 0.040| 0.023| 0.0048| 0.0027|[SBB2017] SDSS J0753+3416|SDSSJ0753+3416|21.042275432981352
S4TM |J0754+1927| |07 54 28.52|+19 27 28.10| 0.15| 0.74| 5|43| 4.1| 1.7| 17.9| 10.9| 0.072| 0.044| 0.0091| 0.0055|[SBB2017] SDSS J0754+1927|SDSSJ0754+1927|22.177255724100593
S4TM |J0757+1956| |07 57 48.99|+19 56 16.30| 0.12| 0.83| 9|32| 5.3| 1.4| 28.4| 15.0| 0.108| 0.057| 0.0134| 0.0070|[SBB2017] SDSS J0757+1956|SDSSJ0757+1956|21.845326983806405
S4TM |J0847+2348| |08 47 27.69|+23 48 19.50| 0.16| 0.53|17|79| 3.1| 0.7|  0.8|  0.4| 0.004| 0.002| 0.0005| 0.0003|[SBB2017] SDSS J0847+2348|SDSSJ0847+2348|19.96716527672564
S4TM |J0851+0505| |08 51 41.89|+05 05 07.00| 0.13| 0.64| 6|69| 5.9| 1.8|  8.3|  4.5| 0.036| 0.019| 0.0046| 0.0025|[SBB2017] SDSS J0851+0505|SDSSJ0851+0505|21.59399649274054
S4TM |J0920+3028| |09 20 48.28|+30 28 18.40| 0.29| 0.39| 8|48| 3.3| 0.5|  1.1|  0.5| 0.006| 0.003| 0.0008| 0.0004|[SBB2017] SDSS J0920+3028|SDSSJ0920+3028|19.991911104744258
S4TM |J0955+3014| |09 55 57.49|+30 14 50.90| 0.32| 0.47| 4|72| 2.4| 2.2|  1.8|  1.8| 0.009| 0.009| 0.0012| 0.0012|[SBB2017] SDSS J0955+3014|SDSSJ0955+3014|21.225179698068136
S4TM |J1010+3124| |10 10 26.80|+31 24 17.60| 0.17| 0.42| 4|48| 5.0| 1.2|  4.9|  2.5| 0.024| 0.012| 0.0033| 0.0017|[SBB2017] SDSS J1010+3124|SDSSJ1010+3124|20.93460059993438
S4TM |J1031+3026| |10 31 21.01|+30 26 58.00| 0.17| 0.75| 5|69| 7.1| 1.9| 20.0| 10.4| 0.080| 0.042| 0.0101| 0.0053|[SBB2017] SDSS J1031+3026|SDSSJ1031+3026|22.21300503024324
S4TM |J1040+3626|*|10 40 58.50|+36 26 28.60| 0.12| 0.28| 3|78| 3.4| 0.7|  0.8|  0.4| 0.004| 0.002| 0.0006| 0.0003|[SBB2017] SDSS J1040+3626|SDSSJ1040+3626|20.220330287076838
S4TM |J1041+0112|*|10 41 22.85|+01 12 24.20| 0.10| 0.22| 5|73| 4.2| 1.2|  0.3|  0.2| 0.002| 0.001| 0.0002| 0.0001|[SBB2017] SDSS J1041+0112|SDSSJ1041+0112|19.070842273855195
S4TM |J1048+1313| |10 48 09.40|+13 13 52.90| 0.13| 0.67| 4|45| 4.2| 3.7| 18.3| 18.2| 0.077| 0.076| 0.0099| 0.0098|[SBB2017] SDSS J1048+1313|SDSSJ1048+1313|22.155515045202495
S4TM |J1051+4439| |10 51 09.41|+44 39 08.51| 0.16| 0.54| 3|52| 8.0| 2.0| 17.3|  8.8| 0.079| 0.040| 0.0105| 0.0054|[SBB2017] SDSS J1051+4439|SDSSJ1051+4439|21.899400965397373
S4TM |J1056+4141| |10 56 57.61|+41 41 14.60| 0.13| 0.83|10|76| 3.2| 0.5|  6.2|  2.9| 0.024| 0.011| 0.0029| 0.0014|[SBB2017] SDSS J1056+4141|SDSSJ1056+4141|21.73093325740472
S4TM |J1101+1523| |11 01 13.13|+15 23 39.60| 0.18| 0.52| 5|48| 2.7| 0.8|  3.5|  1.9| 0.016| 0.009| 0.0022| 0.0012|[SBB2017] SDSS J1101+1523|SDSSJ1101+1523|21.246075342204772
S4TM |J1127+2312|*|11 27 38.70|+23 12 44.40| 0.13| 0.36| 8|19| 5.7| 0.8|  4.2|  2.0| 0.022| 0.010| 0.0030| 0.0014|[SBB2017] SDSS J1127+2312|SDSSJ1127+2312|19.78780116396221
S4TM |J1137+1818| |11 37 28.61|+18 18 12.40| 0.12| 0.46|10|23| 3.5| 0.7|  3.7|  1.8| 0.018| 0.009| 0.0024| 0.0012|[SBB2017] SDSS J1137+1818|SDSSJ1137+1818|20.174584919748572
S4TM |J1142+2509| |11 42 38.23|+25 09 05.50| 0.16| 0.66|18|83| 3.4| 0.9|  1.6|  0.8| 0.007| 0.003| 0.0009| 0.0004|[SBB2017] SDSS J1142+2509|SDSSJ1142+2509|20.482636939157818
S4TM |J1144+0436|*|11 44 40.13|+04 36 50.50| 0.10| 0.26| 5|62|10.5| 2.2|  1.5|  0.8| 0.008| 0.004| 0.0012| 0.0006|[SBB2017] SDSS J1144+0436|SDSSJ1144+0436|19.48167918258601
S4TM |J1213+2930| |12 13 03.72|+29 30 22.40| 0.09| 0.60|21|49| 4.2| 1.3|  2.0|  1.1| 0.009| 0.005| 0.0011| 0.0006|[SBB2017] SDSS J1213+2930|SDSSJ1213+2930|20.06344395596748
S4TM |J1301+0834| |13 01 26.88|+08 34 25.20| 0.09| 0.53| 9|64| 8.9| 6.5|  5.8|  5.0| 0.026| 0.023| 0.0035| 0.0030|[SBB2017] SDSS J1301+0834|SDSSJ1301+0834|20.657681306573014
S4TM |J1330+1750|*|13 30 31.40|+17 50 40.50| 0.21| 0.37| 4|50| 2.9| 0.6|  1.9|  0.9| 0.009| 0.005| 0.0013| 0.0007|[SBB2017] SDSS J1330+1750|SDSSJ1330+1750|20.610098736233592
S4TM |J1433+2835| |14 33 51.63|+28 35 16.40| 0.09| 0.41|10|37| 5.3| 1.3|  2.2|  1.1| 0.011| 0.006| 0.0015| 0.0008|[SBB2017] SDSS J1433+2835|SDSSJ1433+2835|19.87781274543247
S4TM |J1541+3642| |15 41 22.27|+36 42 31.70| 0.14| 0.74|16|53| 5.9| 0.9|  6.9|  3.2| 0.028| 0.013| 0.0035| 0.0016|[SBB2017] SDSS J1541+3642|SDSSJ1541+3642|20.914380778300828
S4TM |J1543+2202|*|15 43 39.94|+22 02 23.30| 0.27| 0.40| 3|70|10.5| 1.3|  6.7|  3.1| 0.033| 0.016| 0.0047| 0.0022|[SBB2017] SDSS J1543+2202|SDSSJ1543+2202|21.121660594681362
S4TM |J1550+2020|*|15 50 10.62|+20 20 13.50| 0.14| 0.35| 2|35| 6.3| 1.2|  7.2|  3.6| 0.038| 0.018| 0.0053| 0.0026|[SBB2017] SDSS J1550+2020|SDSSJ1550+2020|21.221422817938322
S4TM |J1553+3004| |15 53 16.14|+30 04 25.70| 0.16| 0.57| 5|75| 4.4| 0.9|  5.5|  2.7| 0.024| 0.012| 0.0032| 0.0016|[SBB2017] SDSS J1553+3004|SDSSJ1553+3004|21.48659624780824
S4TM |J1607+2147| |16 07 40.50|+21 47 11.00| 0.21| 0.49| 2|53| 1.6| 0.6|  4.6|  2.6| 0.022| 0.012| 0.0029| 0.0017|[SBB2017] SDSS J1607+2147|SDSSJ1607+2147|22.086013864136465
S4TM |J1633+1441| |16 33 44.16|+14 41 54.90| 0.13| 0.58|19|51| 5.5| 1.1|  2.6|  1.3| 0.011| 0.006| 0.0015| 0.0007|[SBB2017] SDSS J1633+1441|SDSSJ1633+1441|20.08285538729394
S4TM |J2309-0039| |23 09 46.36|-00 39 12.90| 0.29| 1.00| 4|37| 2.1| 1.1| 46.1| 32.3| 0.161| 0.113| 0.0190| 0.0133|[SBB2017] SDSS J2309-0039|SDSSJ2309-0039|23.225087677223815
BELLS|J0830+5116| |08 30 49.73|+51 16 31.80| 0.53| 1.33| 6|23| 2.3| 1.1|134.0| 86.5| 0.402| 0.260| 0.0444| 0.0287|[BBS2012] SDSS J0830+5116|BELLSJ0830+5116|23.550961958958215
BELLS|J1159-0007| |11 59 44.63|-00 07 28.20| 0.58| 1.35| 8|43| 3.7| 0.6| 81.4| 38.8| 0.243| 0.116| 0.0268| 0.0128|[BBS2012] SDSS J1159-0007|BELLSJ1159-0007|23.278689344314092
BELLS|J1221+3806| |12 21 51.92|+38 06 10.50| 0.53| 1.28| 4|36| 1.8| 0.7| 97.2| 56.4| 0.298| 0.173| 0.0332| 0.0193|[BBS2012] SDSS J1221+3806|BELLSJ1221+3806|23.888278151994893
BELLS|J1318-0104| |13 18 29.39|-01 04 21.60| 0.66| 1.40| 7|46| 2.2| 0.6| 68.3| 36.3| 0.199| 0.106| 0.0218| 0.0116|[BBS2012] SDSS J1318-0104|BELLSJ1318-0104|23.52128145540454
BELLS|J1337+3620| |13 37 51.31|+36 20 18.10| 0.56| 1.18|12|15| 1.6| 0.7| 46.4| 29.1| 0.149| 0.093| 0.0169| 0.0106|[BBS2012] SDSS J1337+3620|BELLSJ1337+3620|22.47691744034385
BELLS|J1349+3612| |13 49 10.30|+36 12 39.70| 0.44| 0.89| 5|36| 2.1| 0.3| 23.6| 11.2| 0.087| 0.041| 0.0106| 0.0050|[BBS2012] SDSS J1349+3612|BELLSJ1349+3612|22.670290850402868
BELLS|J1542+1629| |15 42 46.33|+16 29 51.80| 0.35| 1.02| 3|25| 1.5| 1.0| 57.2| 46.0| 0.198| 0.159| 0.0233| 0.0187|[BBS2012] SDSS J1542+1629|BELLSJ1542+1629|23.590601043728032
BELLS|J1601+2138| |16 01 13.27|+21 38 33.90| 0.54| 1.45| 3|26| 1.3| 0.8|151.4|119.4| 0.433| 0.342| 0.0468| 0.0369|[BBS2012] SDSS J1601+2138|BELLSJ1601+2138|24.535359512558205
BELLS|J1631+1854| |16 31 50.33|+18 54 04.10| 0.41| 1.09|19|12| 3.6| 0.5| 59.5| 27.9| 0.200| 0.094| 0.0232| 0.0109|[BBS2012] SDSS J1631+1854|BELLSJ1631+1854|21.764804388830918
